    1.1000     
    1.0800     
    1.0600     
    1.0400     
    1.0200     
    1.0000     
    0.9800     
    0.97     
    0.9600
    0.95     
    0.9400
    0.93     
    0.9200
    0.91     
    0.9000
    0.89     
    0.8800
    0.865
    0.8600
    0.855    
    0.85 
    0.8475
    0.845
    0.8425
    0.8400
    0.8375   
    0.835 
    0.8325
    0.83 
    0.8275
    0.825
    0.8225
    0.8200
    0.815 
    0.8125
    0.81 
    0.805
    0.8000
    0.795   
    0.7925  
    0.79
    0.785
    0.7800
    0.775    
    0.77 
    0.7600
    0.75     
    0.7400
    0.73     
    0.7200
    0.71    
    0.7000 
    0.69     
    0.6800
    0.67     
    0.6600
    0.65    
    0.6400 
    0.63
    0.6200     
    0.61
    0.60
    0.59
    0.58
