    1.0000    
    0.9930    
    0.9880    
    0.9800    
    0.9700    
    0.9500    
    0.9300    
    0.9000    
    0.8500    
    0.8000    
    0.7500    
    0.7000    
    0.6000
    0.5750
    0.5500
    0.5250
    0.5000
    0.4900
    0.4800
    0.4750
    0.4600 
    0.4500
    0.4250
    0.4000
    0.3750   
    0.3500
    0.3250
    0.3000
    0.2800
    0.2600    
    0.2400    
    0.2000    
    0.1800    
    0.1700    
    0.1600    
    0.1500    
    0.1400    
    0.1300    
    0.1200    
    0.1100    
    0.1000    
    0.0900    
    0.0800    
    0.0700    
    0.0600    
    0.0500    
    0.0400    
    0.0300    
    0.0200    
    0.0120    
    0.0070    
    0.0030    
    0.0010    
    0.0000   
