0.0000000000000000       
1.0000000000000000E-002  
2.0000000000000000E-002  
2.9999999999999999E-002  
4.0000000000000001E-002  
5.0000000000000003E-002  
5.9999999999999998E-002  
7.0000000000000007E-002  
8.0000000000000002E-002  
8.9999999999999997E-002  
0.10000000000000001  
0.11000000000000000  
0.12000000000000000  
0.13000000000000000  
0.14000000000000001  
0.14999999999999999  
0.17499999999999999  
0.20000000000000001  
0.22500000000000001  
0.25000000000000000  
0.27500000000000002  
0.29999999999999999  
0.32500000000000001  
0.34999999999999998  
0.37500000000000000  
0.40000000000000002  
0.45000000000000001  
0.50000000000000000  
0.55000000000000004  
0.59999999999999998  
0.65000000000000002  
0.69999999999999996  
0.75000000000000000  
0.80000000000000004  
0.84999999999999998  
0.90000000000000002 
1.0000000000000000  
1.1000000000000001  
1.2000000000000000  
1.3000000000000000  
1.3999999999999999  
1.5000000000000000  
1.6000000000000001  
1.7000000000000000  
1.8000000000000000  
1.8999999999999999  
2.0000000000000000  
2.1000000000000001  
2.2000000000000002  
2.2999999999999998  
